
# Writing all output to stdout
# Analysing free energies contained in file(s) "['lambda-0.0000/gradients.s3', 'lambda-0.0625/gradients.s3', 'lambda-0.1250/gradients.s3', 'lambda-0.1875/gradients.s3', 'lambda-0.2500/gradients.s3', 'lambda-0.3125/gradients.s3', 'lambda-0.3750/gradients.s3', 'lambda-0.4375/gradients.s3', 'lambda-0.5000/gradients.s3', 'lambda-0.5625/gradients.s3', 'lambda-0.6250/gradients.s3', 'lambda-0.6875/gradients.s3', 'lambda-0.7500/gradients.s3', 'lambda-0.8125/gradients.s3', 'lambda-0.8750/gradients.s3', 'lambda-0.9375/gradients.s3', 'lambda-1.0000/gradients.s3']"
# Processing object TI( nLambdaValues() == 17, nIterations() == 1, nSamples() == 170000 )
# Averaging over iterations 0 to 0
# Convergence
# Iteration 
# TI 
# PMFs
# TI
# Lambda  PMF  Maximum  Minimum 
0.0  0.0  0.0  0.0
0.0  -0.08856832132484309  -0.0880579845399765  -0.08907865810970968
0.01  -0.1723364954608456  -0.1713431036542452  -0.17332988726744597
0.02  -0.2512079696455755  -0.24976366700277236  -0.25265227228837867
0.03  -0.32513859606885986  -0.3232776322788628  -0.3269995598588569
0.04  -0.3941450127444683  -0.39190167809394416  -0.3963883473949924
0.05  -0.45830761415707166  -0.45571474606224166  -0.46090048225190167
0.060000000000000005  -0.5177692954274009  -0.5148572515098648  -0.520681339344937
0.07  -0.5727309980402281  -0.5695270050134404  -0.5759349910670157
0.08  -0.623444942618651  -0.6199727429964502  -0.6269171422408518
0.09  -0.6702063041370634  -0.666486034205075  -0.6739265740690518
0.09999999999999999  -0.7133439666927756  -0.7093922093936823  -0.7172957239918688
0.10999999999999999  -0.753210887866878  -0.7490408533330063  -0.7573809224007496
0.11999999999999998  -0.7901745061787295  -0.7857963006873178  -0.7945527116701413
0.12999999999999998  -0.8246075385712596  -0.8200284897820422  -0.8291865873604769
0.13999999999999999  -0.8568794376676845  -0.852104450207778  -0.8616544251275909
0.15  -0.8873487101416107  -0.882380631003785  -0.8923167892794363
0.16  -0.9163562373848837  -0.9111962152728422  -0.9215162594969252
0.17  -0.9442196871997889  -0.9388675139548801  -0.9495718604446977
0.18000000000000002  -0.971229059958859  -0.9656834855997737  -0.9767746343179443
0.19000000000000003  -0.9976433740569141  -0.9919023898167632  -1.003384358297065
0.20000000000000004  -1.0236884630320813  -1.0177495491416424  -1.0296273769225202
0.21000000000000005  -1.0495558299772252  -1.0434161668714383  -1.055695493083012
0.22000000000000006  -1.0754024833379547  -1.0690591265039444  -1.081745840171965
0.23000000000000007  -1.1013516614514836  -1.0948016813362154  -1.1079016415667517
0.24000000000000007  -1.1274943407910571  -1.1207349300877627  -1.1342537514943516
0.25000000000000006  -1.1538914144282282  -1.146919965702468  -1.1608628631539883
0.26000000000000006  -1.1805764223104356  -1.1733905793456445  -1.1877622652752267
0.2700000000000001  -1.207558713190316  -1.2001563996625695  -1.2149610267180626
0.2800000000000001  -1.2348269190680634  -1.2272063482315392  -1.2424474899045876
0.2900000000000001  -1.2623526264664362  -1.2545122954728596  -1.2701929574600128
0.3000000000000001  -1.2900941344134438  -1.2820328067264082  -1.2981554621004794
0.3100000000000001  -1.318000196339272  -1.309716875460935  -1.326283517217609
0.3200000000000001  -1.3460136518966928  -1.3375075493208235  -1.354519754472562
0.3300000000000001  -1.3740748646988397  -1.3653453646591855  -1.3828043647384938
0.34000000000000014  -1.4021248928608643  -1.3931715160737064  -1.4110782696480222
0.35000000000000014  -1.4301083307753828  -1.4209306989943882  -1.4392859625563774
0.36000000000000015  -1.4579757725030893  -1.4485735753255777  -1.4673779696806009
0.37000000000000016  -1.4856858592934827  -1.476058824290561  -1.4953128942964045
0.38000000000000017  -1.5132068858554804  -1.5033547527529603  -1.5230590189580004
0.3900000000000002  -1.5405179518795145  -1.5304404511993468  -1.5505954525596821
0.4000000000000002  -1.567609656790922  -1.5573064930795557  -1.577912820502288
0.4100000000000002  -1.5944843466279217  -1.583955186152756  -1.6050135071030873
0.4200000000000002  -1.6211559321362299  -1.610400394726892  -1.6319114695455679
0.4300000000000002  -1.6476493065265927  -1.63666696107578  -1.6586316519774054
0.4400000000000002  -1.6739993997326785  -1.6627897627519643  -1.6852090367133927
0.45000000000000023  -1.7002499133374862  -1.6888124498862775  -1.7116873767886949
0.46000000000000024  -1.7264517865195945  -1.7147859127887148  -1.7381176602504742
0.47000000000000025  -1.7526614483368839  -1.740766535169338  -1.7645563615044297
0.48000000000000026  -1.7789389153654533  -1.7668142920328767  -1.79106353869803
0.49000000000000027  -1.8053457961025394  -1.7929907537226166  -1.8177008384824622
0.5000000000000002  -1.8319432646066338  -1.819357058679672  -1.8445294705335957
0.5100000000000002  -1.8587900655783787  -1.8459719172360876  -1.8716082139206698
0.5200000000000002  -1.8859406114912787  -1.8728897071814061  -1.8989915158011512
0.5300000000000002  -1.913443229489006  -1.9001587189611095  -1.9267277400169025
0.5400000000000003  -1.941338611614863  -1.9278196042192044  -1.9548576190105216
0.5500000000000003  -1.9696585165877052  -1.9559040760451885  -1.983412957130222
0.5600000000000003  -1.9984247648642293  -1.984433902805132  -2.0124156269233264
0.5700000000000003  -2.027648561202273  -2.0134202298995953  -2.041876892504951
0.5800000000000003  -2.057330170493681  -2.0428632553277586  -2.071797085659603
0.5900000000000003  -2.0874589633646137  -2.072752275644977  -2.1021656510842504
0.6000000000000003  -2.118013838093434  -2.103066108926513  -2.1329615672603555
0.6100000000000003  -2.148964014923971  -2.133773890847661  -2.1641541390002805
0.6200000000000003  -2.18027018800964  -2.1648362291150822  -2.195704146904198
0.6300000000000003  -2.211886009221235  -2.19620669044491  -2.2275653279975605
0.6400000000000003  -2.2437598670443704  -2.2278335832393696  -2.259686150849371
0.6500000000000004  -2.2758369130533875  -2.2596619883355715  -2.2920118377712035
0.6600000000000004  -2.308061278131091  -2.2916359798454633  -2.3244865764167186
0.6700000000000004  -2.340378411053483  -2.3237009685191112  -2.357055853587855
0.6800000000000004  -2.3727374634254597  -2.355806091396284  -2.389668835454635
0.6900000000000004  -2.405093637611304  -2.3879065641402595  -2.4222807110823488
0.7000000000000004  -2.4374104084791854  -2.419965906599512  -2.454854910358859
0.7100000000000004  -2.4696615258348134  -2.4519579481814984  -2.4873651034881283
0.7200000000000004  -2.501832702612252  -2.4838685178080415  -2.519796887416463
0.7300000000000004  -2.533922894639681  -2.515696723975012  -2.55214906530435
0.7400000000000004  -2.565945081406583  -2.5474557340613946  -2.5844344287517713
0.7500000000000004  -2.597926464079422  -2.579172968884628  -2.6166799592742165
0.7600000000000005  -2.62990800755981  -2.6108896390908467  -2.6489263760287733
0.7700000000000005  -2.661943267820779  -2.642659564475093  -2.6812269711664647
0.7800000000000005  -2.694096464798439  -2.674547236453844  -2.7136456931430337
0.7900000000000005  -2.726439784954292  -2.7066251078596193  -2.7462544620489644
0.8000000000000005  -2.7590499268187516  -2.73897012355565  -2.7791297300818534
0.8100000000000005  -2.792003937871823  -2.7716595405764832  -2.812348335167163
0.8200000000000005  -2.8253744323832892  -2.8047661279649216  -2.845982736801657
0.8300000000000005  -2.8592243279447205  -2.8383528848033817  -2.8800957710860593
0.8400000000000005  -2.8936012938444735  -2.872467470631872  -2.914735117057075
0.8500000000000005  -2.9285321675300127  -2.907136605833369  -2.949927729226656
0.8600000000000005  -2.964017667201465  -2.9423607717125972  -2.9856745626903325
0.8700000000000006  -3.0000278089207386  -2.978109620733744  -3.0219459971077334
0.8800000000000006  -3.036498526701199  -3.014318597894086  -3.058678455508312
0.8900000000000006  -3.0733300943239827  -3.0508873749923535  -3.095772813655612
0.9000000000000006  -3.110388058240493  -3.0876808107079765  -3.133095305773009
0.9100000000000006  -3.1475075133568042  -3.1245332724554626  -3.170481754258146
0.9200000000000006  -3.1845016874413874  -3.161257290590211  -3.207746084292564
0.9300000000000006  -3.2211759469246077  -3.197657663313518  -3.2446942305356976
0.9400000000000006  -3.2573484966619377  -3.233552291229526  -3.2811447020943496
0.9500000000000006  -3.2928792206215904  -3.268801195786321  -3.31695724545686
0.9600000000000006  -3.327708299034417  -3.3033453653679  -3.352071232700934
0.9700000000000006  -3.3619064417493734  -3.3372572780559975  -3.3865556054427493
0.9800000000000006  -3.3957387979856763  -3.3708051716559706  -3.420672424315382
0.9900000000000007  -3.4297448396158403  -3.40453336976108  -3.454956309470601
1.0000000000000007  -3.429744839615838  -3.4045333697610776  -3.4549563094705986
# Free energies 
# TI = -3.429744839615838 +/- 0.025211469854760526 kcal mol-1 (quadrature = -3.447459656470971 kcal mol-1)#
Starting /home/julien/sire.app/bin/analyse_freenrg: number of threads equals 16
